{"nbformat":4,"nbformat_minor":0,"metadata":{"colab":{"provenance":[],"authorship_tag":"ABX9TyNJZDRgYcJpbK5tT+O+HdqN"},"kernelspec":{"name":"python3","display_name":"Python 3"},"language_info":{"name":"python"}},"cells":[{"cell_type":"code","execution_count":1,"metadata":{"id":"kHAdmMt9_ajn","executionInfo":{"status":"ok","timestamp":1762076492445,"user_tz":-480,"elapsed":21,"user":{"displayName":"25005545 student","userId":"07858722808067084367"}}},"outputs":[],"source":["import numpy as np"]},{"cell_type":"code","source":["# Question 1\n","array1 = np.array([[1,2],[3,4]])\n","print (array1)"],"metadata":{"colab":{"base_uri":"https://localhost:8080/"},"id":"CqUhViNpARzD","executionInfo":{"status":"ok","timestamp":1762076492500,"user_tz":-480,"elapsed":26,"user":{"displayName":"25005545 student","userId":"07858722808067084367"}},"outputId":"3c9f4801-48bb-426c-d7c4-9ac870a778eb"},"execution_count":2,"outputs":[{"output_type":"stream","name":"stdout","text":["[[1 2]\n"," [3 4]]\n"]}]},{"cell_type":"code","source":["# Question 2\n","array2 = np.random.rand(3,4)\n","print (array2)"],"metadata":{"colab":{"base_uri":"https://localhost:8080/"},"id":"SGSnFwtWB8Ja","executionInfo":{"status":"ok","timestamp":1762076492501,"user_tz":-480,"elapsed":8,"user":{"displayName":"25005545 student","userId":"07858722808067084367"}},"outputId":"8594a07a-a61b-4ea7-8629-c20b275ae26f"},"execution_count":3,"outputs":[{"output_type":"stream","name":"stdout","text":["[[0.3860346  0.17184417 0.68363236 0.51110849]\n"," [0.31069292 0.22273097 0.05573521 0.74618699]\n"," [0.04475628 0.12648168 0.74413367 0.90756256]]\n"]}]},{"cell_type":"code","source":["# Question 3\n","arrayOfOnes = np.ones((3,3))\n","print(arrayOfOnes)"],"metadata":{"colab":{"base_uri":"https://localhost:8080/"},"id":"KCqlwfZ7CrXw","executionInfo":{"status":"ok","timestamp":1762076492501,"user_tz":-480,"elapsed":4,"user":{"displayName":"25005545 student","userId":"07858722808067084367"}},"outputId":"fc6167c4-6ed3-43ab-eb72-90b76ba2da79"},"execution_count":4,"outputs":[{"output_type":"stream","name":"stdout","text":["[[1. 1. 1.]\n"," [1. 1. 1.]\n"," [1. 1. 1.]]\n"]}]},{"cell_type":"code","source":["arrayOfZeroes = np.zeros((3,3))\n","print(arrayOfZeroes)"],"metadata":{"colab":{"base_uri":"https://localhost:8080/"},"id":"C1ePIhlBC6EW","executionInfo":{"status":"ok","timestamp":1762076492510,"user_tz":-480,"elapsed":9,"user":{"displayName":"25005545 student","userId":"07858722808067084367"}},"outputId":"5133154e-1dc1-4563-9c74-e19c947ba872"},"execution_count":5,"outputs":[{"output_type":"stream","name":"stdout","text":["[[0. 0. 0.]\n"," [0. 0. 0.]\n"," [0. 0. 0.]]\n"]}]},{"cell_type":"code","source":["# Question 4\n","array3 = np.random.rand(6,3)\n","print(array3)"],"metadata":{"colab":{"base_uri":"https://localhost:8080/"},"id":"7zDoPvgIPID8","executionInfo":{"status":"ok","timestamp":1762076492514,"user_tz":-480,"elapsed":3,"user":{"displayName":"25005545 student","userId":"07858722808067084367"}},"outputId":"bbe042a7-837e-4b14-bd3b-9192fcee212f"},"execution_count":6,"outputs":[{"output_type":"stream","name":"stdout","text":["[[0.85993638 0.30534277 0.30036417]\n"," [0.81594976 0.61479159 0.55427871]\n"," [0.12818384 0.61460263 0.47335827]\n"," [0.05690471 0.19041366 0.59709857]\n"," [0.90673055 0.79530925 0.18755813]\n"," [0.54862607 0.91937501 0.93225522]]\n"]}]},{"cell_type":"code","source":["transposedArray3 = array3.T\n","print(transposedArray3)"],"metadata":{"colab":{"base_uri":"https://localhost:8080/"},"id":"MGvFMe5EPUll","executionInfo":{"status":"ok","timestamp":1762076492526,"user_tz":-480,"elapsed":11,"user":{"displayName":"25005545 student","userId":"07858722808067084367"}},"outputId":"1b42a5dd-52e8-4793-a9d7-b64b2f051ab3"},"execution_count":7,"outputs":[{"output_type":"stream","name":"stdout","text":["[[0.85993638 0.81594976 0.12818384 0.05690471 0.90673055 0.54862607]\n"," [0.30534277 0.61479159 0.61460263 0.19041366 0.79530925 0.91937501]\n"," [0.30036417 0.55427871 0.47335827 0.59709857 0.18755813 0.93225522]]\n"]}]},{"cell_type":"code","source":["# Question 5\n","arrayA = np.random.rand(2,3)\n","print(arrayA)"],"metadata":{"colab":{"base_uri":"https://localhost:8080/"},"id":"8EI_zxIlP1St","executionInfo":{"status":"ok","timestamp":1762076492561,"user_tz":-480,"elapsed":36,"user":{"displayName":"25005545 student","userId":"07858722808067084367"}},"outputId":"69f07353-0062-4c39-92e1-4aba1c2f8b1f"},"execution_count":8,"outputs":[{"output_type":"stream","name":"stdout","text":["[[0.37108785 0.83469994 0.35826698]\n"," [0.27645808 0.8543897  0.83094146]]\n"]}]},{"cell_type":"code","source":["arrayB = np.random.rand(3,4)\n","print(arrayB)"],"metadata":{"colab":{"base_uri":"https://localhost:8080/"},"id":"9vmCCPquRWA7","executionInfo":{"status":"ok","timestamp":1762076492562,"user_tz":-480,"elapsed":4,"user":{"displayName":"25005545 student","userId":"07858722808067084367"}},"outputId":"29c10915-7bcb-409b-ac81-713d9f61d569"},"execution_count":9,"outputs":[{"output_type":"stream","name":"stdout","text":["[[0.2146983  0.61805085 0.07106233 0.25893535]\n"," [0.71349578 0.11136031 0.74544504 0.68744535]\n"," [0.77198479 0.86711773 0.32672623 0.59371314]]\n"]}]},{"cell_type":"code","source":["dotProduct = np.dot(arrayA,arrayB)\n","print(dotProduct)"],"metadata":{"colab":{"base_uri":"https://localhost:8080/"},"id":"vV6NzfJ8Rnbe","executionInfo":{"status":"ok","timestamp":1762076492564,"user_tz":-480,"elapsed":3,"user":{"displayName":"25005545 student","userId":"07858722808067084367"}},"outputId":"f15a123c-106a-408f-bd22-ac1e2415b8a8"},"execution_count":10,"outputs":[{"output_type":"stream","name":"stdout","text":["[[0.95180347 0.63296325 0.76564852 0.88260617]\n"," [1.31043269 0.98653431 0.92803669 1.15227186]]\n"]}]}]}